1.0 0.606531 -6.622835e-02 -1.225765e-01
2.0 0.135335 -5.514821e-01 1.325210e+00
3.0 0.011109 -1.001101e+00 1.011221e+00
4.0 0.000335 -6.539791e-01 1.000513e+00
5.0 0.000004 2.836585e-01 9.999869e-01
6.0 0.000000 9.601703e-01 1.000000e+00
7.0 -0.000001 7.539031e-01 1.000001e+00
8.0 -0.000015 -1.454846e-01 9.998942e-01
9.0 0.112121 -1.023251e+00 1.123057e+00
10.0 2041.832963 -2.042672e+03 2.434443e+03
11.0 -807110372.170387 8.071104e+08 1.823691e+11
12.0 124733714833354.343750 -1.247337e+14 -1.478143e+14